1266
54855
1465
51232
2034
2317
2150
6659
1026
5054
1287
5328
4288
6515
10376
22822
10257
1734
54567
8482
7153
558
6526
2023
2149
390
5327
9162
11343
90427
11245
283209
55573
9497
1063
25878
7052
94241
10979
142
4311
4013
22974
10313
63895
6840
5069
9055
4082
1281
27242
10769
8720
5358
301
5205
57326
81848
72
5796
83872
3488
8989
5159
7534
10221
808
2040
7857
4929
4982
891
8728
2318
2791
93145
7430
147372
9518
4884
88455
84617
55771
5829
10112
7035
79971
8507
1464
3624
22800
11103
1265
4853
259266
57568
23362
3099
2114
8140
10797
4008
4907
4163
9353
3838
55379
55608
9120
4627
6241
1462
2589
5922
114882
4478
991
64114
3728
5806
131583
6299
3799
639
7468
167227
51334
80323
4162
5127
1288
29127
10923
5347
57724
55824
55117
11173
332
2305
79647
84790
2355
5924
7114
1030
8727
11078
5732
650
3939
4323
7083
3655
26575
6383
9766
1848
9948
140876
3732
8760
64854
6675
374
10051
890
1909
10938
23657
203068
7494
51429
302
8407
285761
79801
3912
1662
1820
48
2770
89797
51474
79094
9414
901
55454
9921
10371
8508
10486
7803
5167
1051
4124
5742
10460
83700
10611
23284
9787
6731
2665
79642
1264
440
2060
80781
387893
80031
7112
84823
8490
1062
26586
23135
389136
3832
2621
2247
837
2294
214
2893
3566
23039
7913
9493
79572
5764
5364
699
7431
493
2119
9411
387882
90411
10383
826
8325
196
55165
120
10615
25923
55740
4097
90861
4324
6747
2115
57552
79839
81624
54800
3915
6723
23603
55884
728215
25870
51200
25891
5270
55143
7846
10417
11113
1499
64151
9510
23052
694
2697
7280
4126
55635
10109
2531
23710
10135
9133
2633
22801
51203
6281
92949
80310
2316
7045
6790
8942
59
50509
7298
93
NA
824
60
387755
5099
23705
91
3148
955
24137
4001
1290
7407
19
22820
3638
2668
9793
223
1075
284119
79876
128239
5649
3553
9697
57082
9435
5209
81493
11004
10962
123920
5638
54892
27436
23406
6382
6909
7474
3084
27161
10114
771
219699
5832
7145
8349
7791
10541
11226
701
1718
7301
219
126298
4343
9180
91768
6916
253260
3673
90853
4605
55858
114990
2151
25829
6711
4254
4233
3090
1832
10398
780
7170
87
9232
6335
25945
9550
1602
3837
55754
4174
80315
9618
9918
57659
150864
64332
1809
10082
6781
4170
624
92312
81
3833
7010
10577
9802
3481
91607
9585
55959
58476
6772
2252
10570
55627
80856
116496
90007
4641
983
9266
5681
9821
84187
6303
2055
4638
7414
3693
1454
79180
11096
23704
4758
10631
57414
11237
54331
115294
54843
7357
29128
143384
6386
94
64393
9980
55625
57198
6405
57636
79646
10200
3927
1808
9637
9732
7514
1303
58190
160622
23220
2821
11168
1186
800
9824
10531
54498
3487
3178
130497
8793
10236
11031
51384
6277
3161
4756
9741
10253
4325
166647
11065
2137
NA
5747
3589
64795
64750
26258
55355
2617
83786
71
55214
1282
2764
4175
4000
5743
3383
7272
5321
11259
4628
2070
114134
2058
30844
7275
2799
6774
113146
51088
5970
65998
51155
8110
81610
7533
51512
2069
4603
2521
151011
9659
7975
57709
54914
56938
5654
23670
9600
4784
8565
23313
25780
115701
54478
9833
387763
10512
54765
6472
65125
55790
6575
8878
9528
55662
28988
80727
51012
5106
3976
9472
51339
5156
1956
64759
22795
9685
8434
5874
54910
3182
83892
150468
5592
1182
79875
4212
4773
3572
9319
26147
9590
2729
125058
54480
2555
9776
9445
7321
2768
7040
55654
221079
84230
80380
90874
57132
316
84679
8613
7150
2907
9949
9019
10129
483
10466
2869
5660
5817
84168
79577
57574
3569
3895
6541
4052
4864
53838
7162
687
3843
11142
5476
22858
1978
84665
9811
813
11282
6926
6615
149111
55679
51696
3315
54887
57630
5307
10955
51020
10092
8091
5045
114757
11252
116151
6941
117178
83895
2969
57583
29780
81029
8334
7070
7873
9728
1645
1939
399687
9928
9212
4237
10606
7050
51176
25844
8870
84171
3754
3836
2274
164284
54453
51635
2717
1073
1163
908
10808
10613
3397
221150
54187
81628
5021
8531
2512
10584
2674
3486
55706
3422
8682
57142
8491
1843
80351
25825
3776
1004
116987
143888
10763
51309
7174
3908
6513
54443
84141
11260
157313
4646
113130
27042
84886
84912
3306
84251
131578
3835
201562
9258
54918
23053
23397
3187
191
84101
11100
23197
5214
55872
8754
3956
9031
7706
5339
1839
4953
1974
4249
9260
65108
23654
146909
4189
10494
10290
51497
669
9581
8516
8826
7461
26056
9700
10097
23271
4141
53358
54888
79960
2037
6301
55917
285704
3133
83461
1786
309
4171
152503
23609
9469
2535
5058
55002
4751
23136
7111
351
10346
5793
4130
8202
10052
8668
25927
57561
7763
93663
57194
22936
3712
5631
3091
4313
22874
284403
23043
5573
23764
728661
55742
57669
55852
9429
11176
9448
8775
8829
9583
56776
528
58505
5230
10592
256987
11313
445
26227
3659
3037
83990
6535
10046
9843
3313
8710
10276
6917
51763
10493
10403
2091
5887
3726
5523
202
4771
22919
2250
79776
142891
23107
23310
51809
55215
1601
10602
1284
10025
56648
92126
9208
54620
4205
7105
54805
51661
7283
81688
57650
23174
23558
8273
168667
6502
54898
79586
4209
22884
79048
114907
55970
23179
1979
79974
116372
86
5702
54813
801
598
57228
1009
6876
5723
3482
1954
56882
4221
57701
834
5792
2744
6091
80155
5010
23646
3554
51514
6428
5782
7171
9337
79924
80219
3294
23064
3983
4192
59339
10314
1434
59353
4179
255928
5663
64131
1639
3074
83540
1033
3202
9139
27113
26502
2271
10057
4176
79682
5814
29028
2195
23213
960
8912
2022
64770
51201
51129
54867
5597
143686
51186
5937
55102
347734
54904
55690
6251
9663
25839
324
10024
51194
22903
22926
23167
5791
147841
8767
23462
10277
1307
91461
284129
1879
54495
10723
5586
344148
2246
220441
3105
9603
9780
285203
9810
3916
10735
64943
1200
7531
56978
3556
57154
63898
166929
1910
730094
90843
55920
84858
7004
9768
4085
9805
254228
488
3073
157769
8992
27333
169714
56261
4837
4921
79822
55802
151246
159
91404
3213
23336
26509
3015
256691
54852
5430
4501
6773
1964
9749
11130
127933
2597
55975
1031
56992
7026
339324
868
8975
3720
79627
56937
2217
55704
145567
5516
3280
8301
127281
80210
23253
109
730755
23255
26207
25921
64599
7756
57333
2068
581
113829
55691
7428
57192
27348
4232
56970
81542
196383
51699
5836
665
5999
331
153222
219899
8204
90135
47
23246
51499
54972
64207
79674
114991
23456
11153
359845
3290
144811
1317
6059
84896
2547
11228
16
6867
5376
10875
23741
11346
85458
84296
26039
56650
113251
25940
25943
3189
55092
9830
30001
2280
83931
9644
3672
5464
7980
7436
5612
284
2590
253827
160428
10238
113612
55252
10574
5831
10721
4851
7188
2669
8997
26353
26263
4053
84191
4038
2936
84722
375033
3636
6240
91289
80853
201163
57761
55629
3157
90459
6935
64065
552889
55107
2321
7132
206358
1719
9341
55784
135228
79670
1508
55238
6938
64283
9962
65260
57609
9037
9394
2548
29091
5672
96459
57648
92370
6897
23038
348235
7323
6809
122953
162427
5901
5577
57515
57045
357
23768
283431
81611
26099
10586
3014
2239
817
8825
54796
144165
116535
1164
8314
10272
4172
56911
6307
8894
54510
5291
4314
26155
10477
79735
8776
4919
51226
6509
55388
10525
9060
27131
81839
9764
93649
158471
5310
23365
84189
9991
51019
65249
65997
22948
4811
8672
56951
10166
3576
23214
9509
1856
23051
8991
3751
51659
9727
84216
9903
84836
9859
63967
6385
5198
55723
10212
9126
3399
64762
51450
92305
6730
4312
6491
11030
54587
79772
29952
6715
3164
9149
10085
56852
54821
64175
201191
51430
89958
51633
286827
8615
6749
55357
9645
5928
3619
1295
9296
29968
6497
78991
203447
10116
6446
10336
79939
85027
836
84961
80149
23767
80306
4856
4092
899
990
4836
84301
54832
25802
10980
27065
81930
871
84298
9902
2861
1841
23189
9052
116461
137964
152110
57658
2177
2491
533
6426
116988
9221
65010
153830
83448
51465
5714
81855
291
57720
3609
11069
6135
307
23112
340485
84945
26986
7572
9648
91039
4967
473
7392
80114
57763
10056
3921
7328
8761
5905
9200
10755
8295
7786
81929
144717
51621
3688
9961
9415
157680
23529
51573
259282
26018
1314
5238
822
8243
8502
29969
4833
10867
57559
23012
54477
130271
54606
9249
57507
26959
55362
219623
9498
10856
1111
2710
79065
254827
84293
4957
6117
6483
392617
31
5613
253980
56172
22930
6432
79805
55207
79870
23163
2720
4973
9966
23339
23097
11120
716
2650
23585
54407
27102
5910
330
220134
10535
23266
23165
89927
57645
2182
2971
23516
8013
23187
55243
163
121512
84706
10228
221037
8496
9088
9555
57546
51026
3676
10733
64123
11321
6709
3727
170954
529
29978
83857
79710
84935
1455
134430
54625
25800
83604
57486
338692
4015
10516
2064
7879
64771
23527
7320
441631
53947
1997
9240
1847
10672
90102
7625
80212
7837
23566
23001
831
30846
4776
9792
6196
2098
6662
10226
84959
3308
51582
259217
9867
3340
9242
7168
80829
3339
2925
9582
10945
493869
1184
2175
8318
151963
53944
79083
860
51559
2803
334
5566
138151
3490
2967
7317
55288
6495
2222
54491
84248
1058
7832
6464
3614
1306
84333
2805
92745
1509
57534
421
28996
2237
55731
9235
100128731
81533
60401
7259
6599
51094
54492
55159
472
51776
166614
4016
10449
3987
6390
79652
6231
653583
7707
54014
6434
84552
595
154796
1975
11080
1846
3911
9540
10444
2314
25966
80854
123096
10801
55585
1984
5981
571
1894
9837
7402
154043
84623
9908
27072
54820
23191
10645
23216
10282
57102
55196
55148
283742
950
1767
8861
3692
7094
11274
8436
253143
84271
157506
80153
4947
29994
115548
29899
6016
22937
27034
81606
6949
84287
27101
159090
5423
55619
22808
23066
2035
9945
6422
9889
3920
323
11224
653319
9639
54664
509
2631
7107
170506
23531
9619
29785
54464
967
9451
10969
586
11215
132
64285
1717
25782
130132
25925
84919
387521
57589
10951
5519
4354
55839
254170
284391
79968
6257
57488
8945
23139
9375
51606
9777
6199
145508
5426
23351
85301
10550
5216
9261
221178
5425
170384
26503
11138
23113
22877
4976
440145
57539
220164
5770
3551
11034
55760
23071
2134
9371
675
7453
8986
9156
9690
2634
23196
80381
1803
4862
151354
4782
51646
79672
7126
161176
8543
1386
399664
403341
57801
442213
253430
59284
80228
10184
79143
7917
4643
11015
80139
5290
29089
10579
6522
112574
8125
56886
79982
1399
10635
2739
25886
79581
9076
9813
221895
1017
25976
3398
90809
104
6130
9020
163732
5728
5875
57531
29789
84456
55332
5888
56889
23062
9289
53834
29904
9778
7421
56999
160897
80148
7376
27249
92579
649
10560
51520
6767
23331
8836
904
8914
7637
57509
580
3320
85403
57060
11067
8428
6187
682
5717
1982
79068
7169
8671
161436
8881
4925
54741
10956
22873
54880
65061
116832
6272
51542
10186
79019
23065
55240
11169
4043
26012
26022
56479
29896
790
57655
4522
537
10948
578
80008
80255
51368
2730
5933
10423
23636
3959
23286
8453
1123
140885
133308
2549
6612
55668
64968
8939
10079
8555
4257
23347
10060
57605
8916
10746
10014
22949
171019
4940
201895
22931
6583
80110
112
56681
84932
678
427
83440
115207
2932
93185
6310
8661
8519
51083
4904
6249
57646
7130
1859
6546
1869
55062
11070
83879
9735
25907
4134
57405
51726
6611
81603
5062
6103
6448
90120
90379
1198
85450
9181
5190
84232
10552
8660
114795
49854
10642
10950
10985
27063
154807
9931
5795
10055
157570
1742
79022
4319
905
55075
84131
51107
1604
5744
26060
8976
53349
7072
1969
6202
160418
23291
5627
80174
3017
9244
80206
10957
57498
51109
3107
221
221336
9915
9532
220042
7267
50863
7029
10544
79602
5298
56101
5515
56892
10775
3491
6626
90957
4217
84923
65062
10749
11177
29102
23199
1849
196441
200734
90529
60528
64398
7398
7049
285753
9358
8501
149041
23321
165
9525
51170
51447
339122
23127
5355
92017
9761
9604
113189
90417
8704
5591
5082
197021
23479
79071
23168
342926
5578
94081
6596
2629
84709
4121
55367
128077
22911
64946
7172
10293
867
79685
375061
79751
57493
65977
1777
10124
91012
4998
64397
64318
4783
26046
1729
8425
55346
833
55347
23413
94122
4637
29781
10133
1054
9734
23484
8463
85364
54674
27075
387103
672
57708
26511
50808
1983
7185
583
23649
55898
8458
1736
169200
4173
7067
64236
171023
22848
8503
84446
50615
10924
6297
23326
3151
167681
133746
54858
79947
9772
60312
3363
23543
3021
65983
5709
26033
25902
5292
7581
7064
23731
6550
5108
10487
961
63874
79845
51493
10308
29843
3658
8995
55741
56204
195828
57572
3925
273
1663
4780
162073
996
79628
57104
8444
3181
51222
995
84541
5558
9804
25929
25894
4335
10419
23576
54978
2146
1107
162963
10000
6095
7532
164
10540
51035
4541
27018
52
51629
58538
4519
57504
51164
51669
55248
10788
10076
55151
59274
6482
9124
10724
51101
6198
7416
7041
4147
388272
51053
9656
784
2275
1827
51665
25949
7922
6396
10469
10399
57678
388
2000
567
23295
389
79956
28991
117583
4615
4035
6237
9820
84154
89891
23528
5239
5802
4692
4306
3621
6713
51439
90355
162681
55194
124997
993
8788
23032
135114
374655
54475
57587
3897
489
1072
7748
204
1955
9537
727936
151887
22916
79932
8566
3575
3156
11094
1981
23369
3764
51308
8438
222663
10616
8440
10194
27316
10312
4830
2956
93134
28978
7716
54801
84263
7277
26271
25963
5954
2300
292
65083
9568
2288
55186
54940
55716
57106
4154
57617
22890
7813
8604
91775
10410
64718
467
23396
4644
116985
92597
55334
5565
23235
25842
55683
338699
221981
50488
112483
84328
79649
3601
3930
4363
6645
11244
8303
338322
11174
112464
9361
23446
4026
54205
4493
26100
342371
11171
4665
286343
25843
55161
151473
24140
84436
10745
53981
55851
26071
400745
65005
54532
1191
10067
64645
9538
4891
9267
4670
138050
9097
100288637
441459
115825
23215
79654
6869
8506
7009
57449
91748
3145
4924
51773
63891
65009
57182
84193
93323
9751
27286
55157
200942
8697
57555
22885
116983
64837
93487
10989
257194
55193
81620
92154
9562
9765
23385
7465
51061
9168
25805
10783
221710
10473
84033
171546
11118
23594
80019
84272
3992
25913
9069
145389
4908
56647
79624
10385
3425
84102
84986
25759
221491
2872
10342
79088
219988
56897
55027
4926
26224
27148
9592
23223
8809
7295
29763
63922
8887
80014
7360
56950
3146
32
6143
4520
132160
23185
27258
321
132320
3791
10367
285
23345
4824
90381
317762
647024
6924
80023
57162
2033
25836
4200
205
8905
84675
7084
55013
1606
5880
163486
166968
9209
2131
11046
5271
81844
23392
51029
55680
25941
55114
9879
57148
51014
535
6993
4149
81671
7916
8309
7745
9978
55833
8872
9911
7772
4292
9877
23554
55312
4507
26073
26229
25798
51312
9369
5756
8321
25962
102
54834
92400
1968
4216
201161
2896
8498
64425
51154
51510
55323
80709
81563
23293
116039
10252
375790
5155
84447
23586
222658
163882
29126
2260
64793
83959
5335
220001
79848
5359
3995
5049
10926
4502
84769
3840
22978
51341
4055
2767
55789
5860
3241
57728
6882
8795
93129
83729
9586
64115
8539
23452
56898
8833
2551
391
100507436
9907
10142
91947
51228
91272
3597
55343
6608
57484
84909
9891
39
221092
6161
27122
23314
58986
404093
201627
55023
55210
7538
3269
23387
51043
415116
23054
23093
115704
342184
5870
6525
8821
11072
23560
89796
9563
57190
7385
282991
64710
80232
56888
9044
8837
153129
4905
144097
2817
329
79630
81788
64841
23401
127829
6222
83858
27330
3070
51604
56834
51454
56133
7286
5885
57506
285282
51569
29995
151050
9401
93349
152559
23130
3678
91526
26286
2
112770
84273
27166
3615
10043
9868
23190
55904
9736
27244
11021
56987
10360
8692
9635
476
26994
10762
5511
9601
9897
51150
81669
51616
857
5575
5236
55183
1002
55816
81502
126375
10009
1497
140691
7001
10250
9263
11064
23463
8030
1831
1355
10163
10513
9100
9559
50507
220323
9282
54862
1388
26505
7027
57018
10325
22803
117584
26292
4669
3326
5894
29083
51588
5902
5599
9203
84319
4320
81570
5738
84188
84295
83930
51639
55218
1263
28966
51
1850
2295
55623
9567
587
355
93109
5160
5562
8572
481
6695
1609
9440
9189
90987
3735
6175
9797
132671
6760
55247
9612
5166
64105
182
27338
29954
124411
6891
2487
7991
3097
6498
85377
6147
5422
379
23612
64760
27430
55536
10490
222068
83641
147495
11342
51614
5931
56986
64395
1629
54469
7351
51441
112858
90338
5872
5868
133
51663
54
10048
146691
3087
59342
10725
29110
79039
6427
4710
523
340061
2296
3069
53353
9754
8935
4781
134266
90956
2052
328
57020
6320
3304
283464
6447
26135
144455
55534
84898
56829
55337
26585
83636
5287
23046
11285
8324
284217
2036
147991
2287
10347
646851
5859
84668
8732
1616
5962
91057
56895
103910
546
26091
54542
23341
4540
64781
6943
8200
840
55676
8835
4616
63941
1912
63979
1452
9883
54811
9147
5427
8985
27327
84612
162962
25758
161742
348013
8707
83787
201475
10826
348995
57088
118980
151648
91137
79791
7678
80119
6624
115290
7866
5494
55735
79026
27254
5863
23414
51527
126321
56180
8675
1410
6793
51719
8678
2591
91050
4125
8518
221749
51545
84627
58489
8467
2921
9678
5737
5125
7205
54462
56917
283450
64431
5424
55755
3159
30837
2677
4739
55108
2192
7078
11044
9724
9823
29800
81618
81609
9647
538
7412
1836
283208
5983
29980
4240
51422
55770
51274
6829
10209
51106
253512
6334
51393
6751
23258
79442
2331
4287
10254
153769
79768
90624
9929
5001
5984
22872
2908
5412
10159
7292
149478
57171
10396
55103
3066
55074
65266
54360
64782
51645
3183
55775
6609
10134
6919
3866
10910
90
284361
317662
7516
55832
259232
6124
147381
7175
9557
203547
573
5142
6789
80256
81928
64764
8850
9904
285636
3978
26750
1611
22823
7582
56104
84444
57522
113277
91663
599
8729
283373
374393
284069
59338
1545
81619
84321
57099
3184
4642
134510
10905
80071
283337
347733
9399
29081
55331
55681
11082
84061
1965
644
23633
6048
51324
10096
5018
122553
55809
6622
8848
11152
6309
113178
4054
80223
9404
55154
22943
7251
134553
663
64897
2495
84437
221656
2202
134147
126208
10440
23512
10521
768211
64324
57089
975
5783
54976
51147
54776
375035
80820
10589
59269
6510
5603
65264
6857
196463
60485
9397
1523
501
401115
56731
64121
55862
3301
115572
10162
207063
27133
200894
5293
55246
1445
51138
3661
22880
54617
282809
55004
84883
113
1129
85446
5711
51594
63910
54206
7167
11117
90333
1605
171024
2787
4880
89848
79807
1757
84085
375
53373
1021
84795
727957
54557
10127
66036
79177
821
10659
5393
9125
84056
165324
9969
375449
1655
6132
10289
23324
6733
8406
9520
23608
55902
374969
2950
2289
55320
5479
162989
6652
1185
2118
6664
5019
51282
11333
22990
6387
26973
6776
6621
38
84146
144501
163049
11270
23780
6890
10618
205564
3020
80230
51018
3417
745
58504
115
10036
5110
1893
80152
30000
2189
57786
6500
54875
25948
10424
57335
51253
26579
157695
4841
2935
10542
89890
151742
199221
85465
10625
81033
2997
140775
114897
5699
84162
8722
84256
9425
51567
8237
84864
641
6227
5157
25989
10940
64359
23201
5716
1798
145581
2273
63931
9141
9021
57217
54622
9374
4071
5997
875
51125
5754
23420
55601
25932
79085
3032
57597
27097
4193
11315
65008
79786
29855
144404
89795
10982
55275
9470
84529
7764
10231
118424
7675
5507
222166
114781
140576
60681
7456
148252
2178
84336
9611
203427
23659
338773
23224
8943
55671
10420
286097
340075
29950
55266
81631
65992
22807
388962
5834
55783
143684
23154
55164
9878
23275
6990
79948
26136
26278
56241
50854
4303
5447
10766
23231
284611
79415
55670
8804
57804
389792
348110
10066
222865
23549
5900
5557
56103
374383
2771
79007
81608
79188
94104
84987
9975
6230
9545
25861
23381
84641
144110
1593
114294
8721
7705
4289
23177
1861
5257
2517
90522
1362
54472
23597
84978
953
57827
84300
9138
10898
56062
8533
NA
5151
3035
79142
80005
11140
3656
285672
60436
1277
6218
57693
9270
23515
51586
27173
10726
6778
1212
201266
10131
9334
5818
2673
401152
55737
119391
57687
8607
2014
80209
9733
55437
6567
51177
55144
79070
64222
4863
4697
29915
23518
5787
56129
57505
84513
6764
57222
196527
81622
57690
23325
4074
3705
4698
10040
10791
25896
4668
54529
65065
257364
158135
3371
253714
10174
2539
5993
57553
6305
2354
1665
91869
26234
64210
146956
8208
55703
155066
387700
8731
NA
997
55744
152006
60494
55603
55055
397
2919
3945
58513
10106
8802
892
4685
114904
23354
41
23644
2232
6493
8061
11149
1525
1305
10608
8910
4521
64417
57521
284207
65265
2309
60492
404636
900
23203
55274
7378
55300
23344
91283
2687
23621
1647
10213
84725
9246
6389
410
100289635
57381
6536
283643
79866
79659
285172
444
10161
26115
8674
5311
25992
9990
84628
5914
27352
4040
51196
132014
1857
84572
343099
79862
3679
3163
57717
23204
9631
9774
9993
81545
2690
6194
9241
81035
28986
81689
23500
286205
80824
2167
8019
56977
92565
140685
23060
80700
3155
64112
8317
2735
113791
5611
57492
63901
55197
80010
4361
10335
10311
347240
113263
3703
9815
3965
79980
9923
1429
23317
64866
348262
23082
1933
56121
10507
9382
10575
1122
80003
400073
5139
2580
64979
56943
26001
23471
9950
51477
11261
132864
5073
79707
2619
11132
6206
57120
6839
54828
79086
10126
6144
6777
10468
56654
6520
57211
79590
25827
55732
56288
211
148156
284161
9767
7699
811
85480
7003
2335
9140
3757
3612
3251
7905
5947
8703
1471
54993
4037
57666
54149
2107
55010
10920
3033
7306
9342
9760
8479
2117
5052
57231
553115
11020
158747
4796
4437
1653
135112
27163
26259
11339
10844
80055
5074
8548
5360
253152
137492
10654
56099
9446
55577
2130
50515
79720
210
51517
9584
55199
65981
22981
79798
414236
3400
64093
51119
55777
22928
7403
8669
90196
2632
1960
23384
9675
51248
57707
100381270
129642
50640
11212
2193
3628
51444
83986
23148
64423
9943
84254
84515
261734
79172
84687
27295
8874
80271
112950
253558
5990
2557
3309
661
65059
200186
9632
1528
6188
6785
284459
389558
81857
8050
51528
22993
7133
22982
10432
66004
9318
728927
4512
22854
57216
23049
9807
308
80018
64078
1759
1687
8031
55352
26010
1947
55233
63027
4900
3772
3696
151613
9184
10914
57584
89781
117854
114898
151636
3552
10509
51143
10267
55907
29997
205428
2109
1108
10150
226
1743
9344
11345
60412
8411
27248
127262
3188
51523
55009
9517
6152
6155
57470
4591
10042
23468
10087
4488
124454
83937
2200
51375
441518
861
57614
526
84926
2627
25852
79915
5093
128
6388
9726
55588
55278
92689
92912
643155
59341
5886
5201
7334
7869
7919
57446
55505
9655
23178
113000
10658
56061
6787
83463
51435
1646
5911
9890
6142
6404
57463
252969
60313
57134
148268
7562
23114
29799
58493
1514
9534
10152
57091
10752
55224
283635
3092
8824
57175
7693
5295
6992
7422
400793
5589
8714
255394
272
55012
124359
3763
727910
286075
90293
51310
54536
7464
8027
92610
10016
8880
9050
51390
5685
27005
6907
5917
7158
118987
401494
5471
55969
54328
27303
11127
133619
10128
832
57576
1209
22862
8609
51251
345757
5828
5833
7576
7375
757
3608
51108
498
256281
158358
23028
10464
1130
3423
339745
63897
54989
80830
26156
9215
245812
2900
84803
9742
7443
3654
131118
29085
54806
23421
6170
9188
84925
57477
56122
57169
57643
129293
6374
3613
51507
284309
84759
6217
23607
51421
847
55798
9231
5734
51534
5536
256227
29940
55781
89853
22941
54893
162394
50626
57719
6643
6233
8643
11009
208
132789
7391
121665
2171
54947
65243
196740
57153
57608
90806
10607
7419
8310
79629
3880
2773
9668
56111
4294
80045
7596
199704
374986
25972
55330
10594
9117
747
5469
7425
142678
7373
156
30836
51062
1806
9984
10928
3910
7536
79144
25849
11332
54516
9677
10569
79969
3300
5725
143872
126792
1173
84259
27245
4650
4774
94234
65979
3176
5861
7710
55748
5879
4839
51193
375056
345778
339263
8218
4826
54896
10491
51434
84243
1019
653784
84285
51006
92714
83666
3796
5033
2184
122769
5606
7164
7626
10404
23645
5648
8708
55041
374875
5437
54977
8694
23564
1959
10434
81577
1047
5229
143903
54058
11179
1810
9854
9352
4775
25840
8742
874
6453
83987
26020
11137
9495
23234
55034
55279
4204
50
8476
92935
1992
84561
28511
23102
9688
79693
5569
1368
79738
51449
2017
65982
200081
23432
50804
10960
7095
2030
5921
25957
51362
746
5036
1660
6470
5819
55743
6235
283991
9575
2596
6181
78987
253725
26953
5478
253461
8930
6950
58155
221927
26036
29948
5696
27241
133418
516
6734
124491
5925
8455
80135
54676
287
9001
65124
3215
596
51720
339451
203228
85415
23176
5308
126070
90321
10389
7644
3635
148223
1802
56126
3980
1781
6154
197131
5324
10500
6837
83903
64399
4927
136319
3185
79650
222484
6176
84662
388403
56975
10947
50486
1837
55827
64224
55806
5528
64089
1829
55831
285550
79613
53938
54916
10644
2110
65003
84260
51230
79895
57085
3797
22894
440275
8649
55222
196403
347735
10656
55351
23015
10455
55646
6193
153768
6372
493856
1778
11235
8078
6666
64965
7046
7227
80204
80789
26121
219844
64839
2863
10061
26260
55900
55276
25996
5255
10195
26108
3899
55071
144195
3977
8932
222962
139322
65018
5813
7556
54496
353
152330
NA
373
56985
4286
51074
152217
7732
79157
9167
8131
84918
5193
166
147948
54069
3643
4337
55270
2059
28976
50862
5434
51078
7559
51340
79084
57610
126393
3098
55720
10430
112755
115123
10395
23382
1119
50484
2825
113174
114932
642475
24147
51005
79651
1854
340527
84971
26999
5002
63934
1363
9314
256364
26284
261726
2879
6119
55251
794
84236
11338
11135
340481
54439
594
25
257218
114928
152518
55667
5673
10904
140739
116138
91373
11186
5245
978
381
347902
10210
8772
10972
11091
26225
23132
25822
23625
23025
5534
150684
57172
9731
63926
22826
63035
116224
283349
84064
81532
11128
57510
9439
55171
55558
9130
9524
56257
51602
23195
6560
160335
374654
84418
8459
51496
139596
2013
3480
5452
150094
129303
64834
84527
286077
23580
22898
140700
55256
122830
84895
51065
4537
54442
29893
80067
9641
54708
81849
550
192286
7769
56912
6660
91304
10627
255520
5037
26267
26277
54994
1397
5130
1039
823
59343
280636
10963
375387
5864
57062
84307
5899
7695
55325
160
23376
7782
4691
55361
23708
395
5593
23353
54931
306
9230
11155
1289
64858
55686
3268
91782
387680
84897
10767
2683
57396
6134
5871
9770
192670
3485
84548
987
83648
9672
56916
11194
200879
4514
55759
6894
84947
3418
27332
79038
57179
6238
25926
55812
29953
1534
27341
23332
126299
5695
60626
23590
23254
5987
11340
5694
7025
126820
117248
25793
7767
4077
440498
80205
8780
NA
64407
2736
80179
2934
55779
11151
79622
10533
7247
25978
10505
10520
284307
283638
112495
7266
23443
79733
333
27129
4508
23157
157378
5898
10810
7022
10946
402415
644815
23513
51759
1052
401541
375298
23315
7224
1889
10330
57103
79834
128866
5091
NA
374395
3028
286257
23761
668
10564
183
55727
196074
4012
85461
64326
84816
3329
54946
114793
153642
51343
57124
51678
2187
79147
22879
100505876
57494
79903
6794
399665
55198
5891
285343
11221
9527
27076
79780
1488
2009
58506
2959
9093
260425
5605
503542
84962
8567
2581
23241
81926
23303
5440
10773
81853
6189
54107
399909
84892
4725
9880
25814
26057
23161
196394
4803
51148
3093
6651
8794
64110
7936
951
6920
2353
1382
1487
26005
51104
55697
112398
84197
57826
91942
3885
79634
10456
91608
NA
160851
64412
5903
8226
9858
2889
2050
79760
26122
7410
2081
57181
6319
80774
64785
5707
54956
6125
79077
23118
23511
26094
1513
1292
311
51478
5621
115908
9564
64769
79837
55906
51397
51330
23373
50865
9643
87769
54468
57448
5468
7091
1315
10908
83695
23192
55262
6748
7128
113179
374900
6326
55785
116931
54865
2992
9910
9712
9817
5297
23169
57670
55762
80308
57600
23327
83638
9026
56127
23172
203062
64857
92609
57476
57478
84078
55610
56474
85015
10333
222183
166379
55147
26123
400916
27183
23151
969
113115
8970
55435
55958
60488
23788
11099
5140
115201
118813
9937
5537
201973
57704
55008
64418
85300
84804
5514
3716
23411
28977
50814
9791
7472
657
54535
3434
51122
3717
10691
7408
10605
114049
63893
112942
91107
83932
2101
23530
56927
153527
1535
24138
55139
51099
200576
55366
4676
11230
468
26219
6879
55905
29967
10010
8797
131601
6692
NA
7477
6902
475
92922
54982
6714
7770
79135
734
26032
9416
23024
55076
10243
81556
51366
81488
55297
8800
6128
727
7342
64067
10111
79829
51236
135293
9422
6002
10452
1387
11234
64981
9324
25974
6047
2558
254251
3725
165918
56894
84924
26610
8718
29775
23023
79018
7942
9373
338382
7110
285237
26289
4705
79703
266812
60676
10554
54665
64328
2762
57532
50628
9887
3106
51135
100101267
56910
5740
6892
149986
55125
8651
113246
64598
5162
124936
115353
8805
114880
5757
51506
22998
4436
57575
6209
8099
7157
54891
10239
2820
94005
91433
9412
20
6722
57147
64747
89122
154467
93627
9658
8612
51373
80762
90627
83737
10175
84930
84747
5066
8831
55219
8662
8570
55212
7918
57480
29100
1020
4076
100288413
440270
9852
23478
147645
57579
388695
222389
10180
84079
4538
688
8242
11199
54470
9045
63875
8412
8545
113235
5763
340385
130074
130340
1207
706
55172
11284
22995
115098
549
255783
93436
94239
2494
200312
5701
57185
4678
388566
403313
389432
374946
84525
9922
84890
399474
7024
51747
91368
54861
6780
2766
55137
8706
23567
7799
10514
9278
91750
10411
3998
159013
6721
4677
337867
29844
2043
643853
1340
8021
161882
60509
266727
23368
8550
124402
5429
5531
374462
9410
23435
9941
91147
11119
55769
27067
79886
81037
157567
322
100131897
27340
7223
56913
10054
10286
8655
8744
56125
27130
54823
9057
79719
10632
10869
64924
6619
6046
50485
286826
9013
51377
80143
81559
2045
1650
27043
65991
23268
84057
22938
10234
64063
2180
29071
8492
6400
10497
54953
51526
147179
1537
7498
10806
5982
9927
79803
2937
6668
23770
522
2242
819
112479
199692
84450
91801
6421
63917
9819
102723996
9519
84910
84124
10023
10825
168374
114908
51531
147
1161
9790
55788
11236
9710
56675
64682
144348
220
84681
80194
6620
84984
2946
3783
92285
4088
54558
57599
9123
1520
121441
342357
84327
84172
5584
391059
84916
342979
63899
54471
144406
25807
10499
79888
4629
7325
9898
1876
2873
5500
402778
2960
54778
797
115265
51278
81567
830
NA
94097
3964
64689
1294
23111
23355
10555
116840
127544
255631
23360
2152
50618
1181
27153
26048
652
84975
85441
57418
5064
10479
23568
151176
140461
79671
1371
81565
54681
4301
54802
8895
79174
2026
54537
10906
51100
80013
60343
10084
23358
4005
64788
25804
11018
9092
11141
200916
201725
2181
55345
148022
55967
NA
9388
7703
8540
148206
5396
399726
653820
54962
29035
64223
8641
144245
79633
149951
79000
55160
23171
23239
55315
79863
387263
28968
10715
3297
1608
80221
29941
23230
6634
151556
56123
56259
55837
23371
10211
54859
29894
23116
5264
51398
1392
10970
1459
56907
23221
386618
6844
201595
23592
93621
9696
6871
143458
153339
25994
139341
163859
10207
57542
50999
25930
56106
123879
84752
4660
81931
10073
83693
54737
200895
7844
51304
5096
197407
9526
199731
114818
220002
5930
79641
23379
11222
51182
7329
22984
284615
23218
4355
28951
7915
23265
130557
376497
80025
1950
254048
4728
23074
256586
7884
8924
63933
64784
147906
1398
153241
344558
3981
201799
114926
4350
55656
27106
7086
100129842
119559
9150
205327
146540
6880
339768
54808
10189
57621
92815
7746
29946
93058
26232
55450
55901
23683
221955
23207
145173
6936
1756
10699
11258
57688
51166
6159
219790
51142
22933
23383
23760
4430
51564
124905564
57526
55128
167153
27152
84913
5980
92014
79754
55652
27297
54849
65986
26470
6487
79023
10772
29114
8462
57161
137695
3710
994
10241
8427
23380
84364
6480
10626
1407
949
255252
2542
7090
4835
127687
56110
58472
55846
55738
22794
NA
92675
3875
9091
22907
4717
9968
55217
4144
221184
143570
8193
84929
463
22832
90693
666
5111
9380
7182
64221
115286
55684
7469
80301
8034
84669
84335
2957
9218
162
94015
57472
22920
5955
283219
29988
55110
54969
23429
51123
11056
497661
412
139221
1211
23412
55084
24144
27236
1780
2920
145864
56262
84708
9053
50650
57620
115703
51593
84261
26084
79034
1951
30061
57590
29903
494115
23264
1949
729440
3082
122704
390980
6631
79042
84667
51592
25851
51124
54822
11188
11073
8774
163786
57711
6001
3217
5877
23173
5720
4716
79832
79616
83992
8888
25981
57657
8312
8658
27229
57820
10558
64754
55187
136647
9718
55163
55504
259230
10848
654463
4236
6129
10392
617
55799
23682
55591
8812
60370
7257
91683
10622
8915
1241
27077
7874
55553
57158
53916
25934
4848
9706
6670
84940
10318
53343
25873
23245
10113
256051
3841
90649
7011
10765
11183
6093
3338
9223
613
5927
51071
84893
83941
51157
7043
54756
143098
3109
2885
152137
30849
113402
59286
136
64400
55036
6208
25865
1793
10935
83982
121260
9715
5243
409
123283
3336
5892
5433
5934
8546
54454
386617
65263
55734
5286
254225
28514
55893
9329
160492
10780
84065
122786
140823
1796
114823
10921
10138
203259
89845
10302
51805
80207
149603
148203
255967
6444
3077
10919
60496
51105
84879
23067
148741
353091
5865
5305
5636
79692
64651
81832
10208
65123
55344
25788
114803
1737
23098
170463
126526
6616
5431
57149
151393
2651
388115
253769
56990
4017
51389
56603
3685
1028
115817
9794
85440
6300
4651
23307
8289
11163
51199
170959
63908
80097
51162
114769
51560
9871
539
140707
4218
51704
11007
56605
4131
79155
466
60672
29957
56851
25819
4799
9110
9423
123263
126068
5538
4238
63826
51631
4299
51714
883
8665
23431
7444
1278
116028
374659
23085
22863
51134
27123
23774
4060
9308
2745
2319
220929
51307
79750
23091
57209
79658
9917
339366
9698
93166
9895
10237
1440
4793
5063
9217
349075
23404
113452
23061
1431
53
23616
2113
27085
29121
9743
6156
6133
339983
22838
9572
6573
11328
55007
339500
4239
54965
11124
9870
8738
51068
5361
1666
829
22989
130612
2395
8526
5352
200424
399979
5932
5581
201456
24149
255104
55571
5150
9839
81543
6490
388677
162972
90060
284371
84279
9722
2120
5098
6049
5552
150290
5610
6792
2054
10179
4297
26146
2926
56935
29959
5496
221914
78992
4326
26061
1946
83658
5289
81894
23521
55284
285382
90525
6801
432
2044
948
10933
112849
284992
8454
51073
284565
9609
79582
414919
6275
1945
152485
55225
5973
150368
28998
56113
9863
23144
58515
51149
54954
26240
57713
81566
51249
5567
2086
7775
55304
80095
29890
2778
11107
2923
7005
1994
8934
204851
92979
284612
54790
60685
9202
7867
10522
147807
91687
55192
6653
55818
201626
375484
23474
8573
54108
79673
84181
11123
9846
25900
26167
25912
60678
2618
1723
10474
5602
23335
26872
84629
6505
10203
392255
90850
56112
6654
54476
23243
2909
9325
387914
55359
9610
163590
283489
26740
84878
4801
6168
246175
85363
79987
55205
10961
28971
6136
50861
6595
132321
51126
2965
9577
83468
84461
85395
11187
55230
23514
64928
6948
10465
63876
54881
29902
2931
55757
5985
1962
4542
3516
57698
6160
55622
400713
7374
55421
80169
5504
126119
9853
55142
4869
58527
3201
54482
414235
90480
23019
6788
55626
23047
10629
57122
912
7593
3140
55502
2122
127703
9144
84532
5371
286319
406
161424
147949
114789
5618
79591
57700
9531
2191
56114
84153
5594
4248
3344
5445
1936
1376
1291
10758
28960
314
1456
56242
5604
58494
5211
6330
11129
55968
387338
440279
85407
26205
9328
54878
5530
254531
9826
8745
10714
54505
54551
25999
51755
5034
7760
22828
NA
7871
201514
5564
23450
23180
91978
6195
55825
10973
115416
11276
134
7087
55153
23333
28956
51320
9989
79075
6451
56108
23559
255488
100127983
93594
5300
57604
5315
125476
10123
10915
84498
26011
10664
79954
23526
3190
9689
79004
79850
5935
55291
966
93973
2624
221424
79137
3376
10695
100289678
81285
2664
153364
222229
245972
79006
3428
55113
28231
57639
55572
6563
51082
6341
140459
55728
10099
5395
28989
148266
55776
6667
58487
79576
9166
53346
64777
64430
10650
23304
84717
27239
56097
6304
627
374378
4191
151195
728568
79892
23125
10178
7620
55726
10165
51762
11160
8725
51300
8724
79933
343450
55166
288
115509
89874
3598
9679
51069
57482
90378
91653
29063
6578
57799
388789
65110
7424
23122
55030
10188
112616
5356
7804
51654
29926
284001
155368
116068
126282
55272
6650
10206
7415
1147
146857
3750
864
6603
7551
10328
79778
5518
154214
56942
8439
23259
10426
51360
8045
1296
85012
150275
1874
57569
5524
4047
54885
79989
168455
79364
90441
5428
NA
168507
54764
57491
201965
80213
1025
79095
79739
123688
64895
8907
1728
4931
53637
56132
5585
8493
60682
7106
374879
22897
389610
1600
9191
7019
55250
2852
10384
805
91369
23361
55638
90317
6591
4696
84614
5595
8520
10657
23162
5442
7341
53635
4681
55095
51111
285440
79929
6207
56925
2593
219771
5710
26508
5050
55971
3460
54020
54538
57109
3303
64921
55239
3815
57528
23008
344065
8815
79607
730051
23363
50636
84302
11104
64787
6397
400986
8036
90933
11159
55653
50940
10671
125893
81691
51133
4735
219833
9326
63920
27243
4277
1977
23137
254102
54872
9306
64925
3199
5051
154091
55974
1845
9134
80777
9456
1345
56965
11060
9522
64853
414
841
1615
401474
11016
2049
10019
56102
23219
653308
55614
124044
9040
84440
55094
79073
56100
80821
293
7289
25875
51295
115399
11054
9406
25777
85449
23671
7042
9135
26589
7779
154
5780
310
90324
56254
57464
6157
79879
6542
83719
54512
9444
63929
80017
5170
10322
6641
23405
5118
57017
51550
84144
6786
53827
5325
7324
8816
3652
55228
8228
195827
5228
55803
492311
84458
124152
1891
4086
64081
6812
29078
3094
10673
4234
140735
84640
162655
10628
5501
91749
9605
55664
6506
118812
4791
54906
25799
56849
3416
51808
25915
79902
90139
51351
NA
54762
9935
26175
7203
9687
30827
91151
84542
79717
8611
3914
23011
26035
137392
162967
770
2622
10992
1730
147912
116064
51103
92255
3704
1519
55810
174
51185
163259
653464
51167
79712
6171
84969
25766
637
55527
51768
8536
58526
5250
6197
64927
6672
2218
23476
231
95681
5532
34
84274
10244
8790
114881
1490
56900
65985
57452
145748
267
5641
2303
57544
26128
2185
1326
2560
90488
283578
23276
5164
494143
54970
81034
51603
2983
2976
202018
8086
81792
51234
54797
25939
54432
176
8192
11037
435
54942
57677
9351
284406
57404
6925
1543
285367
28232
24145
8038
5028
4351
5411
5101
25879
84547
84915
8111
129401
92822
94101
57697
27309
84294
79864
5318
51374
79723
253959
150726
8884
81575
94240
3364
146433
23403
8864
4485
54460
633
10038
3433
91694
2878
51460
9061
22818
439
4215
3276
23036
25824
55733
9896
27439
84872
8082
2224
2584
81572
2071
23095
57462
7768
1636
5878
200407
8556
11278
91603
30811
5781
23595
3295
54908
57520
51175
253943
55156
10013
79794
81031
154743
5719
57037
9111
6416
155185
1613
84304
79819
6915
84443
29942
79016
80233
5481
79003
203069
138199
84445
55845
7319
10393
56952
8664
51171
79171
6720
388567
56929
217
83894
9255
118924
9901
284443
55133
1192
7728
6399
6273
29105
7528
284297
5889
55717
57223
11033
84545
5635
1656
10949
57097
57661
285368
23635
92737
221785
51706
55227
55596
79101
112611
8106
167691
54795
7291
53339
284349
6832
55017
4552
8504
7798
8220
8899
2781
3622
348938
7920
2914
9310
11013
25960
8803
285362
26524
53354
57459
29929
139231
1116
1826
11264
30850
7525
7057
163131
54499
80321
283948
60314
23759
58528
146
3292
79746
79921
80313
27291
2286
55890
28965
6158
83596
6628
84678
23400
27292
9900
80177
374882
126003
30011
8554
10519
55793
605
51003
1967
3856
11200
220213
5700
57489
26960
11095
51406
658
6586
79783
55167
54103
11238
51081
92259
2733
1272
6137
6617
90780
9315
5338
8871
2313
22846
56902
8764
23042
96764
2140
286053
84318
54621
9913
54987
9825
125061
90634
10782
92595
132430
6696
8711
199990
6201
54884
7038
147007
131076
51286
81621
5188
65250
3839
54902
6398
26063
9077
4820
55714
29766
79230
3850
4809
79621
6256
58525
51009
23035
63951
1364
83445
58478
81553
3633
23390
219855
55249
80325
9849
79161
10630
126326
131616
9277
4779
254427
79573
51495
1738
6558
25816
23787
8178
127700
6332
79959
5116
10482
54819
7554
4208
26090
54497
729582
94039
100131211
54876
64342
285381
55829
8851
6376
60673
610
222236
7965
5771
3198
8241
3814
4059
7851
5147
400961
93100
4659
22913
8187
56141
2230
9976
10857
51218
339344
84268
55336
7485
26058
928
57035
22900
79823
8515
2700
84138
6910
8898
83480
662
85409
84159
9654
6945
29803
140465
7189
2534
58516
23089
79962
9473
10585
27314
55924
80851
166336
3224
471
55296
10827
57633
200316
9633
285513
64225
2063
55841
6815
56109
117143
51522
7075
5350
3646
8840
10678
3592
29072
23037
51000
89970
100101467
51096
26007
25890
100128569
57695
1460
200205
80262
2139
4281
30834
5978
140609
83593
9513
55761
10146
196528
134265
4494
50619
79087
84311
7098
152519
23623
9894
53407
13
1468
6940
23090
50944
196410
56947
55922
148398
6166
782
5499
1196
80176
6584
91752
10959
23322
9054
53917
221303
6903
203430
133522
1384
554282
51263
22824
255374
146050
29882
79666
92105
4302
56160
60493
9851
124930
10712
10365
85378
24142
8460
23155
3312
339487
343521
78995
84671
5187
58189
9367
6627
5797
84632
5495
6118
79009
90204
347344
11051
147463
79752
2887
114825
6092
11161
9958
5959
440590
51306
163227
6717
163087
9827
139716
7389
254042
8497
80216
8667
51256
94107
84340
5087
11231
4747
9442
10362
1201
388558
158131
1659
28990
55313
441150
84245
144699
57556
11335
54758
6727
9064
6674
10216
30851
79882
115677
4535
389658
6553
84080
91010
3600
79867
10436
5784
6810
7013
388536
51575
5208
5007
115752
79753
3550
353174
50717
84957
3788
3281
1603
51060
53371
85302
5730
54165
84060
64786
79872
1308
148304
79187
125919
10776
57631
51231
124583
51016
348801
375775
5979
8938
79583
65056
79102
55669
8560
23541
26027
126433
2135
2339
79145
57380
84870
2067
84955
11251
26504
23503
256949
22904
1515
1789
64756
5708
80776
360023
55795
55146
221935
51114
51676
83716
10391
81544
56623
83401
2827
729515
160518
56899
65117
25864
55750
124961
728888
84934
128553
6050
25850
1725
9079
27068
5977
6834
30817
5774
64432
11011
345651
5805
55201
128344
284346
10459
2582
7750
8028
4690
84270
1176
79825
10617
162966
164091
66005
119504
23545
6469
129787
80224
26469
4744
10294
4883
55692
3756
51657
5032
284325
7347
124565
9409
143279
5826
54973
150274
7082
726
146059
57683
22859
90410
4285
84250
57479
9695
29914
25832
8853
29068
550631
10450
56128
9274
401097
439921
57460
7264
574407
7553
26112
21
93183
51239
7249
7507
8473
4045
90313
10039
10846
7691
6184
1195
2047
4946
84557
858
1630
153562
8859
57184
4122
4509
91661
59349
146542
121274
4763
7225
3191
6489
1027
348180
7633
9882
7773
10397
256309
55122
81562
22929
10273
4733
5563
134957
165055
493753
54414
55182
149371
54901
79810
79966
775
79905
22883
527
4772
6605
5727
89953
22921
83742
116092
28964
6120
1390
84343
10640
5174
55863
64976
23033
26003
79598
54799
64219
26064
642
144448
7638
342892
112970
490
267002
10787
9462
670
131566
1267
56994
54934
10922
1070
6430
25953
10809
101060684
7976
976
146712
1435
10381
148113
3064
3845
146330
6856
90423
6929
1676
286207
51131
8726
84901
26507
84787
63906
7020
10818
9955
51710
51530
7979
220388
7355
26298
1154
22955
134353
167359
91612
11000
51754
7048
414918
54968
8625
10475
64743
84908
83696
148254
55329
2201
58488
5629
201134
219902
9847
22999
4736
5095
408
58500
1477
79729
124512
7296
23505
6932
79047
64426
10220
8786
80020
518
57551
51335
8153
2738
81875
84108
55593
80142
27175
2194
10401
165904
54438
57466
57118
4917
1495
387804
134218
54948
339229
23287
5141
1312
6883
4814
65244
27339
55374
4128
84814
85457
10929
10049
5226
9214
2776
1901
114788
5607
375248
23070
NA
85414
219348
9475
9762
23523
729956
9173
374897
9746
84280
84705
7390
90326
54903
285313
58491
29880
54869
122970
51011
54677
121601
55072
55168
25987
27315
6229
55658
8659
146434
200844
84219
80818
120103
65109
22891
1112
1105
10614
60561
91252
646962
80344
2843
57180
128387
2977
1915
7222
338761
220988
57095
199777
154141
55209
440073
55609
221830
7204
54899
83743
83541
81892
50859
6169
27090
143244
5994
85366
25901
2847
8808
6167
9170
81851
26984
83442
54810
150771
5253
5634
25979
51008
9466
56124
284086
55226
64168
152007
404217
9491
390940
642797
112724
873
92799
85463
23510
10144
56624
440138
80329
1643
51371
5580
5184
10007
55509
4524
1870
1958
79695
26037
4539
84083
9516
153396
201176
55701
9541
9578
158427
25821
1316
6633
9535
10291
6431
92106
1389
5520
3065
166815
2209
400954
9551
6433
6311
8933
35
2648
57622
390916
7268
7405
83594
64403
7881
8663
4034
197358
55038
6203
3108
10634
4601
10140
202052
219541
55015
80320
548645
56144
9814
1739
5896
25841
54629
2903
5991
22994
24139
192683
29881
29927
85025
80331
81847
1327
144983
1489
94059
54431
23288
3949
9016
51258
114791
10154
7784
112936
387
51703
9857
645
5154
79901
64753
10472
23641
116150
8636
3212
22835
285966
92092
10181
51097
606495
11266
256471
55093
7184
55814
25936
9801
84310
113444
25771
137886
93589
128434
128338
9650
56267
645369
1175
223117
7186
25888
80765
152185
84134
100131017
5251
55068
29924
55501
129080
5016
284004
2123
6468
2042
5463
29886
6745
2653
284467
84948
9788
51290
6742
259173
140680
285315
9842
7743
51287
91624
57731
64216
881
57673
10018
341350
284358
2108
1746
84433
340252
56034
29920
7318
10501
84264
5830
22878
6314
1674
10847
199223
6884
55561
63939
26521
6284
137075
7345
390927
339977
133396
84133
8085
26002
NA
8558
5179
84549
23269
55061
92162
1634
8266
158046
23002
83464
54332
9666
26577
84233
30832
100885848
7014
29985
6339
1911
347273
163404
9855
147657
55650
84190
79846
285676
7108
79979
84936
338645
26017
8293
148641
119032
116841
29108
90871
9709
6415
10287
22868
200728
84620
147685
81856
25904
9529
8079
10201
1812
5337
23272
25790
51117
4359
55640
11180
64419
6150
8345
360
9636
55719
8644
643641
1102
79587
10621
286128
83871
81537
8857
65980
3563
6282
342945
132851
6429
221496
90990
84516
10295
23143
79663
253982
254295
8527
51691
137835
2079
79701
56521
10005
22837
23312
54963
57128
84861
164781
100128071
8799
7594
57718
NA
134429
284273
143678
7574
80178
10301
8717
51021
23076
23509
221687
29889
43
57649
118490
114799
4750
6391
56674
55033
100128927
26052
5881
57205
1374
54839
23428
37
4700
51562
6636
203102
5436
5794
26235
9939
83451
5256
6623
112487
6224
157657
9739
5775
114883
84034
130507
27124
84246
7988
790955
10717
219333
57634
64778
221120
83734
80728
55294
51388
29767
1453
23160
6342
57602
51056
5168
4322
23080
23762
57619
1642
55206
59277
64802
113878
55285
55127
1622
91582
85464
NA
7757
26133
7327
NA
84501
5204
134285
56672
91445
92002
14
8994
339479
8339
26160
57403
4329
153090
57038
140467
3762
84939
80328
51347
65993
249
114569
3419
415
9187
84282
83759
10101
3738
11320
56928
51379
114785
163059
51554
57187
126308
10427
965
644538
4702
79828
79991
7265
23350
4968
10270
8270
10603
5027
219931
285598
6566
57146
8818
375341
5213
239
200014
80022
23460
81539
392
22
27350
26548
9861
57191
710
23522
79770
814
26519
10483
1408
80816
114327
80263
10666
29
10643
677
643988
57343
221443
221786
83856
728833
285855
8291
26471
55293
285429
50937
58508
10428
57536
199857
23753
55130
162239
55624
11098
27300
83637
3141
285148
11158
2890
6752
57016
8801
22852
22954
6503
84765
123606
150946
317781
84305
64577
8633
10280
100507290
5042
7818
201292
5281
65258
84792
84317
7517
9262
168451
5092
80145
2121
81490
60481
4007
9455
54927
55327
10557
23658
80127
117608
8405
165215
9662
51649
338376
23016
283459
266743
4199
83939
55184
387640
3752
127253
5909
10713
64083
54436
6004
83479
51643
4066
283237
10964
9372
23378
729533
8365
116442
79718
2824
9403
112476
51667
773
65095
9294
9118
18
22934
5089
130574
10263
339559
2159
222553
728378
54933
83481
196483
30968
29979
54552
643664
283316
149013
114800
9753
3257
401089
4536
4116
8702
9136
54148
85002
8897
7071
64761
6604
9295
5441
54928
3200
54461
58497
11083
83755
10026
55749
5223
85451
79913
114801
140458
5163
79728
10971
8624
1785
1503
9158
90865
148423
708
26140
5000
91452
54751
103
29103
9828
83547
132720
221302
65082
57116
4688
4061
121536
81576
9391
NA
3842
90637
728294
9942
25973
57535
54926
284131
10573
375444
57496
79635
2332
80775
24148
199786
22836
22847
11092
84299
7580
337876
57727
100293516
64518
1478
79925
54996
22906
83640
54877
6461
339175
3665
2519
64420
197342
54626
256302
10300
25920
23150
5451
283417
4609
79029
27238
84221
158405
2870
55643
220972
23408
83607
54815
25893
79838
170261
7570
283871
5136
1486
257068
25988
54785
84520
414328
127435
79961
55773
51093
6638
27032
2308
79363
3606
51090
4253
333926
80790
10623
10125
93953
5394
84904
348093
200845
2006
9489
284613
55582
342908
79050
286151
9926
124045
6635
387119
170960
50809
3787
7862
7738
84303
3761
5143
160760
85460
2104
3798
92856
7597
100652824
64766
201931
10893
1311
84125
730
114984
84656
2774
55281
6606
23394
157285
1855
114790
1347
10069
2157
NA
22889
6015
577
729991
79096
79697
222255
124401
403
55500
22853
5827
4790
4190
161198
55766
147660
79722
51538
56998
125988
80741
2625
80347
80024
79684
27044
29906
3902
91442
63905
80714
10548
5189
358
134728
